run                  db                nt.text  nt.done  nt.ready  nt.store  t.text  t.ready  t.wait  t.visible  t.done  t.store
0c87-h2-author       H2 2.3.232            377      619     15818         9     111    15483   15371      15820   16054       23
0c87-mariadb-utc     10.11.18 MariaDB      432      810     16019         9     291    16073   15782      18089   19066       23
0c87-mariadb         10.11.18 MariaDB      360      770     15837        18     798    16254   15456      17374   17797       95
0c87-mysql-2         MySQL 8.4.7           573      924     15626         9     112    15641   15529      16611   16825       23
c-I1                 MySQL 8.4.7           701     1019     16252         9     129    15805   15676      16061   16550       23
c-I2                 MySQL 8.4.7           619      872     15813         9     160    15630   15470        267   16303       23
c-none               MySQL 8.4.7           329      608     15690         9     115    15593   15478      16330   16557       23
ci-linux-mysql846    MySQL 8.4.6           346      598     15665         9      76    15643   15566      16040   16271       23
mysql-ci-1           MySQL 8.4.7           446      573     15880         9     193    15826   15633      16608   16608       23
mysql-class-wstools  MySQL 8.4.7           309      562     15592         9      79    15554   15475      16321   16321       23
n-none               MySQL 8.4.7           654      809     16160         9     168    15577   15409      16331   16331       23
probe-lease-UTC      10.11.18 MariaDB      514      851     16022         9     145    15955   15809      17581   17807       23
probe-lease-default  10.11.18 MariaDB      762     1356     16716        18    1014    17247   16233      22379   23356       98
